[geometry]
nx=512
ny=512
nz=1
dx_mm=0.6015625
dy_mm=0.6015625
dz_mm=0.707
nview=1440
nu=440
nv=1
dsd_mm=10596
dso_mm=10366
du_mm=0.70314 
dv_mm=0.707
off_u=4.25